9173488822
9173498650
9173505790
9173622414
9173622577
9173623087
9173623257
9173623427
9173623597
9173623614
9173623767
9173623937
9173624107
9173624277
9173624617
9173625127
9173625302
9173625470
9173625638
9173625813
9173625981
9173626317
9173626492
9173627003
9173627171
9173627339
9173627682
9173628193
9173628361
9173628529
9173628872
9173629040
9173629208
9173629383
9173629887
9173630573
9173630741
9173631420
9173633121
9173633289
9173633457
9173634311
9173634479
9173634647
9173634822
9173634885
9173634990
9173635158
9173635669
9173636012
9173636180
9173636859
9173637027
9173637048
9173637202
9173637370
9173637881
9173638217
9173638392
9173638560
9173638728
9173638903
9173639071
9173639239
9173639407
9173617647
9173618327
9173618837
9173619007
9173619177
9173619517
9173619687
9173620877
9173621217
9173621387
9173621557
9173583654
9173584844
9173585184
9173585694
9173585864
9173594704
9173595724
9173597084
9173597424
9173599464
9173600654
9173600994
9173601164
9173605414
9173605584
9173608984
9173609324
9173609494
9173611024
9173396647
9174091097
9174093307
9174093647
9174095517
9174095687
9173600063
9173600315
9173600329
9173600483
9173002065
9173005649
9174000329
9174000497
9174001169
9174001519
9174002191
9174003717
9174003899
9174004235
9174004403
9174004739
9174004907
9174005089
9174005761
9174005929
9174006097
9174006279
9174006615
9174006783
9174007119
9174007287
9174007469
9174007637
9174007805
9174008141
9174008309
9174008827
9174008995
9174009163
9174009331
9174009499
9174010017
9174011375
9174011711
9174011879
9173022659
9174012229
9174012397
9174012733
9174012901
9174013237
9174013587
9174013923
9174014091
9174014259
9174014427
9174014777
9174014945
9174015281
9174015799
9174015967
9174016639
9174016807
9174016989
9174017493
9174017829
9174017997
9174019187
9174019369
9174019537
9174019705
9174020041
9174020377
9174020727
9174021231
9174021399
9174022085
9174022421
9174022757
9174022939
9174023107
9174024297
9174024465
9174025487
9174025655
9174025823
9174025991
9174026159
9174026845
9174027013
9173039655
9174030077
9174031267
9174031435
9174032289
9174032625
9174033297
9174033647
9174034487
9174035341
9174035509
9174039079
9174031771
9174054039
9174056083
9174056587
9174060679
9174061015
9174058967
9174059149
9174059317
9174059485
9174063227
9174060157
9174067469
9174069681
9174070199
9174070703
9174071725
9174000035
9174000063
9174000091
9174000119
9174000133
9174000175
9174000189
9174000385
9174000441
9174000665
9174000833
9174000903
9174073083
9174001281
9174001337
9174004067
9174004081
9174004501
9174076653
9174004571
9174005257
9174076821
9174005425
9174076989
9174005593
9174005831
9174078011
9174006447
9174007553
9174007651
9174007721
9174007973
9174008057
9174008225
9174008337
9174080223
9174008421
9174008449
9174008463
9174008477
9174009485
9174082267
9174010689
9174082435
9174011039
9174011543
9174011781
9174011851
9174012425
9174012509
9174012565
9174084647
9174012649
9174013069
9174013279
9174013503
9174013769
9174085487
9174085767
9174014539
9174014609
9174015211
9174087027
9174087531
9174015617
9174015813
9174088721
9174088889
9174089645
9174050133
9174050301
9174050637
9174050945
9174050973
9174050987
9174051001
9174051113
9174051225
9174051323
9174051337
9174051379
9174051491
9174051547
9174051589
9174051645
9174051659
9174051687
9174051715
9174051743
9174051799
9174051855
9174051869
9174051883
9174051925
9174051939
9174051967
9174052009
9174052037
9174052051
9174052065
9174052093
9174052107
9174052121
9174052135
9174052163
9174052177
9174052191
9174052205
9174052219
9174052247
9174052261
9174052275
9174052289
9174052331
9174052345
9174052359
9174052373
9174052415
9174052429
9174052443
9174052485
9174052499
9174052513
9174052527
9174052541
9174052611
9174052639
9174052653
9174052667
9174052681
9174052723
9174052737
9174052751
9174052765
9174052779
9174052807
9174052821
9174052849
9174052905
9174052919
9174052933
9174052961
9174052975
9174052989
9174053003
9174053045
9174053059
9174053073
9174053087
9174053115
9174053129
9174053143
9174053157
9174053171
9174053199
9174053213
9174053227
9174053241
9174053255
9174053283
9174053297
9174053311
9174053325
9174053367
9174053381
9174053395
9174053409
9174053437
9174053451
9174053465
9174053479
9174053493
9174053521
9174053535
9174053549
9174053563
9174053591
9174053605
9174053619
9174053647
9174053689
9174053703
9174053717
9174053759
9174053773
9174053787
9174053801
9174053829
9174053843
9174053857
9174053885
9174053913
9174053927
9174053941
9174053955
9174053969
9174053997
9174054011
9174054025
9174054067
9174054081
9174054095
9174054109
9174054123
9174054151
9174054165
9174054179
9174054193
9174054207
9174054389
9174054893
9174055425
9174055579
9174055747
9174055915
9174055971
9174055999
9174056027
9174056209
9174056419
9174056769
9174056783
9174056937
9174057749
9174057917
9174058239
9174058295
9174058379
9174058463
9174058519
9174059359
9174059653
9174060339
9174060689
9174061529
9174061865
9174062033
9174062089
9174062201
9174062285
9174062369
9174062397
9174062537
9174062607
9174062635
9174062691
9174062775
9174062817
9174062845
9174063391
9174063559
9174064413
9174065099
9174065267
9174065379
9174065393
9174065421
9174065435
9174065449
9174065505
9174065547
9174065603
9174065631
9174065995
9174066107
9174066135
9174066149
9174066625
9174066961
9174067129
9174067297
9174067773
9174068319
9174068641
9174068837
9174069005
9174069341
9174069509
9174070027
9174070349
9174070867
9174071049
9174071889
9174072015
9174072407
9174072715
9174073555
9174073597
9174073765
9174073947
9174074101
9174074269
9174074297
9174074437
9174074619
9174074745
9174074787
9174075291
9174075627
9174075809
9174076313
9174076691
9174077167
9174077335
9174077503
9174077839
9174078189
9174078525
9174078861
9174079029
9174079547
9174079715
9174017171
9174017227
9174017325
9174017521
9174080569
9174080737
9174018095
9174018151
9174018179
9174081241
9174018347
9174081409
9174081437
9174081451
9174081465
9174081479
9174081493
9174018473
9174081521
9174081535
9174081549
9174018515
9174081563
9174018529
9174018543
9174018571
9174081605
9174081619
9174081633
9174081647
9174018627
9174081675
9174081689
9174018669
9174081703
9174018683
9174081717
9174081731
9174081759
9174081773
9174081787
9174081815
9174081843
9174081857
9174018837
9174081871
9174018851
9174081885
9174018865
9174081913
9174018893
9174081927
9174018907
9174081941
9174081955
9174018935
9174081969
9174081997
9174082011
9174082025
9174082039
9174019019
9174082053
9174082081
9174082095
9174082109
9174082123
9174082151
9174082165
9174082179
9174082193
9174019215
9174019229
9174019243
9174019299
9174019313
9174019411
9174082207
9174082235
9174082249
9174082277
9174082291
9174082319
9174082333
9174082347
9174082361
9174082389
9174082403
9174082417
9174082445
9174082473
9174082487
9174082599
9174082767
9174019789
9174019873
9174083075
9174083285
9174083789
9174084307
9174084405
9174084475
9174021567
9174021595
9174021749
9174084811
9174021833
9174021917
9174022253
9174022337
9174022435
9174022477
9174022589
9174085511
9174085525
9174085539
9174085595
9174085609
9174085833
9174022967
9174086169
9174023443
9174086337
9174023779
9174086519
9174086687
9174087709
9174025319
9174088381
9174089067
9174026327
9174089235
9174026677
9174089571
9174089865
9174089907
9174027181
9174090089
9174090761
9174090929
9174091223
9174091237
9174091251
9174091293
9174091307
9174091321
9174091335
9174091377
9174091391
9174091405
9174091433
9174091475
9174091489
9174091517
9174091531
9174091545
9174091601
9174091615
9174091643
9174091671
9174091713
9174091727
9174091755
9174091783
9174091811
9174091839
9174091853
9174091867
9174091881
9174091909
9174091923
9174091965
9174091993
9174092007
9174092021
9174092035
9174092049
9174092077
9174092091
9174092105
9174092119
9174092147
9174092161
9174092175
9174092203
9174092231
9174092245
9174092259
9174092287
9174092357
9174092469
9174092637
9174092819
9174093141
9174093239
9174093813
9174093827
9174093995
9174094163
9174094331
9174094499
9174094961
9174095017
9174095185
9174095857
9174096039
9174096207
9174096543
9174096851
9174097397
9174097565
9174098069
9174098237
9174098419
9174098587
9174098923
9174099259
9174099427
9174099903
9174099959
9174099973
9174100043
9174100057
9174100085
9174100099
9174100113
9174100127
9174100141
9174100169
9174100183
9174100197
9174100211
9174100239
9174100253
9174100267
9174100281
9174100295
9174100323
9174100379
9174100421
9174100435
9174100477
9174100505
9174100519
9174100533
9174100561
9174100575
9174100603
9174100617
9174100645
9174100729
9174100743
9174100771
9174100799
9174100827
9174100841
9174100855
9174100897
9174100911
9174100925
9174100967
9174100981
9174069173
9174064245
9174091447
9174013419
9174081577
9174083621
9174053017
9174101135
9174068669
9174024633
9174099945
9174050819
9174097733