413294422
413295000
413295420
413302280
413302290
413302320
413302330
413302340
413302350
413302351
413302360
413302370
413302380
413302390
413302410
413302440
413302450
413302460
413302470
413302480
413302490
413302510
413302520
413302550
413302560
413302570
413302590
413302620
413302630
413302640
413302660
413302670
413302680
413302690
413302720
413302760
413302770
413302810
413302910
413302920
413302930
413302980
413302990
413303000
413303010
413303014
413303020
413303030
413303060
413303080
413303090
413303130
413303140
413303141
413303150
413303160
413303190
413303210
413303220
413303230
413303240
413303250
413303260
413303270
413303280
413302000
413302040
413302070
413302080
413302090
413302110
413302120
413302190
413302210
413302220
413302230
413300000
413300070
413300090
413300120
413300130
413300650
413300710
413300790
413300810
413300930
413301000
413301020
413301030
413301280
413301290
413301490
413301510
413301520
413301610
413289000
413329850
413329980
413330000
413330110
413330120
413300965
413300980
413300981
413300990
413265789
413266000
413324510
413324520
413324560
413324580
413324620
413324710
413324720
413324740
413324750
413324770
413324780
413324790
413324830
413324840
413324850
413324860
413324880
413324890
413324910
413324920
413324930
413324940
413324950
413324970
413324980
413325010
413325020
413325030
413325040
413325050
413325080
413325160
413325180
413325190
413267000
413325210
413325220
413325240
413325250
413325270
413325290
413325310
413325320
413325330
413325340
413325360
413325370
413325390
413325420
413325430
413325470
413325480
413325490
413325520
413325540
413325550
413325620
413325630
413325640
413325650
413325670
413325690
413325710
413325740
413325750
413325790
413325810
413325830
413325840
413325850
413325920
413325930
413325990
413326000
413326010
413326020
413326030
413326070
413326080
413268000
413326260
413326330
413326340
413326390
413326410
413326450
413326470
413326520
413326570
413326580
413326790
413326360
413327670
413327790
413327820
413328060
413328080
413327960
413327970
413327980
413327990
413328210
413328030
413328460
413328590
413328620
413328650
413328710
413324493
413324495
413324496
413324498
413324499
413324501
413324502
413324514
413324517
413324530
413324540
413324544
413328790
413324566
413324570
413324730
413324731
413324756
413329000
413324760
413324800
413329010
413324810
413329020
413324820
413324834
413329080
413324870
413324935
413324941
413324945
413324960
413324965
413324975
413324981
413329210
413324986
413324988
413324989
413324990
413325049
413329330
413325120
413329340
413325140
413325170
413325184
413325188
413325222
413325227
413325230
413329470
413325235
413325260
413325272
413325285
413325301
413329520
413329536
413325346
413325350
413325386
413329610
413329640
413325410
413325421
413329710
413329720
413329764
413327440
413327450
413327470
413327488
413327489
413327490
413327491
413327498
413327504
413327510
413327511
413327513
413327520
413327523
413327526
413327529
413327530
413327531
413327533
413327535
413327538
413327541
413327542
413327543
413327545
413327546
413327548
413327550
413327552
413327553
413327554
413327555
413327556
413327557
413327558
413327559
413327560
413327561
413327562
413327563
413327564
413327565
413327566
413327567
413327569
413327570
413327571
413327572
413327574
413327575
413327576
413327578
413327579
413327580
413327581
413327582
413327586
413327587
413327588
413327589
413327590
413327592
413327593
413327594
413327595
413327596
413327597
413327598
413327600
413327603
413327604
413327605
413327606
413327607
413327608
413327609
413327611
413327612
413327613
413327614
413327615
413327616
413327617
413327618
413327619
413327620
413327621
413327622
413327623
413327624
413327625
413327626
413327627
413327628
413327630
413327631
413327632
413327633
413327634
413327635
413327636
413327637
413327638
413327639
413327640
413327641
413327642
413327643
413327644
413327645
413327647
413327649
413327650
413327651
413327653
413327654
413327655
413327656
413327657
413327658
413327659
413327661
413327662
413327663
413327664
413327665
413327666
413327667
413327668
413327669
413327671
413327672
413327673
413327674
413327675
413327676
413327677
413327678
413327679
413327680
413327690
413327720
413327751
413327760
413327770
413327780
413327783
413327785
413327787
413327797
413327810
413327830
413327831
413327840
413327888
413327898
413327917
413327920
413327925
413327930
413327933
413327983
413328000
413328040
413328061
413328110
413328130
413328140
413328143
413328150
413328155
413328160
413328161
413328170
413328174
413328175
413328179
413328184
413328186
413328188
413328220
413328230
413328280
413328320
413328330
413328337
413328338
413328339
413328340
413328341
413328344
413328347
413328350
413328352
413328373
413328380
413328381
413328382
413328410
413328430
413328440
413328450
413328478
413328510
413328529
413328540
413328550
413328570
413328580
413328610
413328629
413328660
413328670
413328720
413328727
413328750
413328768
413328818
413328820
413328830
413328841
413328850
413328860
413328861
413328870
413328880
413328888
413328890
413328920
413328940
413328950
413328980
413329002
413329030
413329040
413329050
413329070
413329090
413329110
413329130
413329140
413329170
413329180
413325501
413325504
413325510
413325522
413329230
413329240
413325555
413325559
413325560
413329270
413325570
413329280
413329281
413329282
413329283
413329284
413329285
413325578
413329286
413329287
413329288
413325580
413329289
413325581
413325582
413325583
413329291
413329292
413329293
413329294
413325587
413329295
413329296
413325589
413329297
413325590
413329298
413329299
413329300
413329301
413329302
413329304
413329305
413329306
413325599
413329307
413325600
413329308
413325601
413329309
413325602
413329310
413325603
413329311
413329312
413325605
413329313
413329314
413329315
413329316
413329317
413325610
413329318
413329319
413329320
413329321
413329322
413329323
413329324
413329325
413329326
413325621
413325622
413325623
413325626
413325627
413325633
413329327
413329328
413329329
413329331
413329332
413329333
413329334
413329335
413329336
413329337
413329338
413329339
413329341
413329342
413329343
413329350
413329360
413325655
413325660
413329378
413329390
413329420
413329450
413329456
413329460
413325760
413325761
413325770
413329480
413325775
413325780
413325800
413325805
413325811
413325813
413325820
413329521
413329522
413329523
413329526
413329527
413329540
413325842
413329560
413325870
413329570
413325890
413329580
413329590
413329650
413325980
413329690
413329730
413326040
413329740
413326060
413329760
413329777
413329780
413326090
413329790
413329830
413329840
413329857
413329858
413329859
413329861
413329862
413329863
413329864
413329866
413329867
413329868
413329869
413329872
413329873
413329874
413329875
413329876
413329879
413329880
413329882
413329883
413329886
413329887
413329888
413329890
413329892
413329893
413329894
413329895
413329896
413329897
413329898
413329901
413329902
413329903
413329904
413329905
413329906
413329907
413329908
413329909
413329910
413329911
413329912
413329913
413329915
413329916
413329917
413329918
413329920
413329924
413329930
413329940
413329951
413329970
413329976
413330009
413330010
413330020
413330030
413330040
413330050
413330077
413330080
413330090
413330130
413330140
413330150
413330170
413330188
413330220
413330230
413330260
413330270
413330280
413330290
413330310
413330330
413330340
413330368
413330371
413330372
413330376
413330377
413330378
413330379
413330380
413330381
413330382
413330383
413330384
413330385
413330386
413330387
413330388
413330389
413330390
413330391
413330392
413330396
413330398
413330399
413330401
413330403
413330404
413330405
413330406
413330407
413330409
413330410
413330411
413330416
413330417
413330419
413330420
413330422
413330423
413330424
413330426
413330427
413330428
413330430
413330431
413328560
413328270
413329870
413325280
413329290
413329410
413327610
413330440
413328530
413325940
413330370
413327480
413330240